3281,3353,2
2131,3194,4
3318,1531,3
1481,1924,4
1899,2987,3
2476,40,4
3836,1525,4
3787,1932,5
3411,3840,5
3673,2330,5
455,3127,4
1583,2299,4
3666,2540,5
316,2850,4
1086,343,3
317,1504,3
2373,351,4
197,1576,3
968,378,2
2419,259,4
3099,563,3
560,2524,4
3516,1046,4
4003,3960,6
1078,1355,2
3339,321,4
3364,1653,3
1992,1158,4
1655,1389,2
1711,3786,4
2814,143,3
3310,2174,4
3262,3047,2
2934,1957,4
420,3885,3
800,1329,5
2330,1105,3
462,1078,3
418,2789,4
1271,3320,3
885,3851,3
645,3241,4
3260,666,4
3672,3219,5
1978,1165,3
3267,393,4
765,3883,4
3198,205,4
1035,3715,4
3347,830,4
2931,1583,3
1710,3187,3
1592,3260,3
3848,558,4
3891,2441,5
3042,2054,4
2461,3710,5
2701,2005,4
1014,1394,2
3787,38,5
1334,2135,3
515,1471,3
1443,2809,3
3243,2798,2
433,1810,3
559,2172,3
1692,195,3
1669,2164,4
3536,1103,4
722,792,2
1829,2654,4
3606,1229,4
1505,2800,2
1799,1708,2
2794,438,4
2889,568,4
3967,1229,4
3732,2370,5
1447,2689,3
2028,51,4
2976,2790,2
3522,921,4
3546,3867,2
3528,1277,4
3905,3826,2
2305,119,4
1047,2710,3
806,2114,7
2225,1768,4
506,1507,3
464,486,2
2477,3602,5
1960,3672,5
1618,3176,3
2011,3317,4
2877,2142,4
1284,339,3
2154,1544,4
499,3476,4
3311,545,4
3579,604,3
1568,2865,3
1726,2031,3
907,1157,2
2195,3297,4
1316,1054,2
570,2834,4
80,1406,3
2439,1161,4
2057,293,4
695,1027,6
1816,3170,3
1448,2915,3
1069,561,3
207,1346,3
2001,244,3
564,974,3
3654,1153,4
3033,1539,3
1331,2322,4
3214,1378,3
542,3110,4
298,2432,4
110,2455,4
3081,1166,3
2026,660,4
801,3542,4
2901,1985,4
1302,800,5
419,2917,4
2049,709,7
450,3018,4
1430,3432,3
1542,853,6
3959,2455,5
3313,2795,2
1735,1534,2
3368,671,4
1917,407,3
1689,2214,4
3741,2289,4
208,2198,4
959,2444,4
471,3943,3
790,840,2
3162,3490,5
3901,137,5
1169,3210,3
3347,3158,2
1879,2324,4
1590,2176,2
3469,382,4
3913,2019,5
1671,1961,4
365,2146,4
934,2832,3
585,3715,4
3287,2485,4
1611,1906,2
1209,1244,2
535,1304,3
2472,1068,3
684,1656,3
1983,3356,4
1040,2277,4
3093,894,4
2213,3842,5
1471,346,3
1487,3099,3
2892,202,4
1418,2401,4
1119,2273,3
3232,1019,3
1294,1162,2
4023,2356,5
1006,1649,2
3971,3551,2
339,1702,3
2913,1472,3
1782,119,3
1910,1194,2
232,3243,4
2215,3956,5
3564,2548,5
3585,33,5
2227,2880,4
2847,669,4
308,2731,4
3703,1387,4
189,2179,4
3140,2206,4
322,3749,5
3777,2634,5
739,146,7
3389,3600,5
2294,2216,2
2257,1912,1
3612,835,4
3627,1177,4
2757,1575,3
826,1398,6
297,3208,4
2096,2055,2
827,2356,7
3611,437,4
3563,2756,5
1247,1994,3
40,683,4
190,1112,3
1576,3493,4
2483,1809,4
3281,1429,3
1836,118,3
1179,1423,2
1130,3054,3
578,1510,3
1229,970,2
3251,2918,2
1056,2010,3
1191,449,3
3425,739,5
3182,2143,4
2133,1969,2
3583,1847,3
4030,3486,6
874,52,6
1895,2970,3
2131,1672,4
2550,1665,4
3529,3576,2
3959,3137,5
3909,456,3
2894,2292,4
600,2642,4
454,974,3
294,2471,3
179,2441,4
1275,3924,4
859,2620,6
1909,3667,4
774,845,2
2565,1548,4
3216,2704,2
3759,2456,5
3378,57,4
1081,3151,3
926,2512,3
1578,2484,4
2608,3585,5
649,887,5
3310,1461,3
693,3642,4
4024,481,5
2168,1373,4
3001,3776,5
589,393,3
2354,3590,5
1152,1761,2
1195,2501,3
581,1003,3
3208,3792,5
493,3571,4
2413,471,3
608,3797,4
1351,2084,4
2180,2691,4
3632,1476,4
1053,1141,2
2900,3183,2
1349,1442,2
2938,50,4
706,723,2
2018,1272,4
1955,317,3
1397,2937,3
3329,1323,3
2487,1258,4
2440,3764,5
3139,1275,3
1921,3745,5
3141,170,4
1822,2463,3
547,3995,5
4019,2075,5
2494,1921,2
2130,59,4
1027,3889,4
3675,1616,4
443,4007,5
2960,1642,2
1605,1673,2
1029,3290,2
1939,1424,4
3601,2611,5
86,3107,4
1826,1180,1
1460,3814,4
2772,971,3
1202,3708,4
1313,3190,3
2518,219,4
218,1637,3
1229,1393,2
1669,2669,3
427,1322,3
658,2466,4
1040,4014,5
1048,2747,3
2487,3996,5
3578,2759,5
3941,70,5
3766,1246,4
3132,3002,2
2441,484,3
2162,1672,4
3739,2411,5
3367,3832,5
2101,2685,4
2447,1953,2
51,1265,3
2014,2160,2
3783,2190,5
693,2730,5
3168,1355,3
471,803,4
750,1908,6
2685,424,4
1545,2052,3
283,1455,3
30,3019,4
2823,1545,3
2397,1915,2
3817,125,5
1143,3710,4
3356,275,4
1485,3712,4
1762,965,2
3899,2621,5
3528,2041,5
987,271,3
4008,3731,6
282,1554,3
3913,3493,2
1586,124,3
3152,983,3
1664,2861,3
1728,732,6
2741,2689,2
1607,3252,3
1426,1154,2
2145,1313,3
788,1647,6
3950,1780,4
1336,2287,4
431,2609,3
1601,1719,2
2686,2644,4
1040,3582,4
3846,3535,2
40,297,2
674,141,4
711,3170,5
3560,1790,4
3962,2541,5
393,3022,4
656,2307,4
3859,1309,4
3202,2281,4
3174,2601,4
2172,3356,4
816,2512,7
3930,3867,2
1904,2286,4
1712,715,6
2629,2829,4
1015,2176,3
757,3013,5
1499,2341,4
982,2845,3
2348,239,4
1971,685,4
3030,2312,4
1317,906,2
2150,409,4
2797,3859,5
3636,1982,5
1268,3532,4
579,1894,3
1352,3510,4
2737,1320,3
572,2672,4
353,2135,3
865,667,5
3645,2711,5
1454,1321,2
847,640,6
3250,2967,2
3979,3937,2
2392,1932,2
198,2757,4
3558,2483,5
1353,2980,3
595,589,2
2138,1823,3
3360,2945,2
1429,901,2
1576,140,3
810,1987,6
2940,1673,3
22,282,2
3458,1831,4
1869,2437,4
2926,3621,5
1451,1123,2
2689,2895,2
757,1962,7
3475,1284,4
1051,337,3
2856,170,4
3179,3338,2
3627,2544,5
253,3292,4
39,2654,4
2814,11,3
2909,2373,4
123,3539,5
633,3003,4
2725,3142,2
3934,2954,5
3754,2545,5
873,2090,6
876,3553,3
2018,441,4
2980,685,4
2325,2421,2
2131,463,3
3049,3612,5
1587,716,6
3417,1067,3
2909,2102,4
2850,3342,2
309,1585,3
1935,3386,4
1188,1996,4
1709,2719,3
1572,3659,4
3154,799,5
3041,1826,3
1617,696,6
1104,801,6
2025,287,4
2081,3060,4
69,1934,4
2443,385,4
1380,1646,2
2297,3895,5
2444,3719,5
1975,3682,5
3698,3536,2
558,3451,4
2146,3850,5
3699,1448,4
2924,3178,2
609,2474,3
4021,2121,5
389,2903,3
1102,2041,4
2513,594,3
1882,4036,5
906,469,3
2288,3631,5
3127,3532,5
1880,3525,3
2040,3978,5
2023,2635,2
2571,3073,4
1614,2449,4
1910,1925,4
3531,4007,6
933,3066,3
717,268,7
1105,1490,2
1777,1164,2
2863,148,4
690,3790,4
969,3780,4
588,3500,4
429,2739,4
863,3558,3
1768,3293,3
3069,596,3
188,3538,5
871,1467,5
3061,542,4
196,632,4
2065,3944,5
1473,230,3
3058,3847,5
3625,2880,5
3293,1108,3
134,3626,5
1909,2327,3
3011,2235,4
588,2391,4
1136,801,5
2336,243,3
3254,3073,2
1184,2346,4
2136,3547,5
325,797,7
705,2271,7
3985,3093,6
2610,89,4
877,2195,6
171,3248,2
3543,1972,5
335,504,4
2807,820,5
104,2592,4
2244,1747,4
922,2560,4
3079,994,3
2874,275,4
89,3284,4
2619,649,4
741,881,3
431,2700,4
289,3079,4
283,1645,3
3998,2197,5
2342,431,3
1840,3649,4
2195,1599,4
1282,3236,3
3779,253,5
987,857,4
2282,3865,5
1850,2820,3
3228,1171,2
3387,3480,5
2294,2290,2
1822,2338,3
460,359,2
2449,900,4
3729,856,3
3355,3294,2
1156,2808,3
681,821,6
2087,1042,3
1628,676,3
3976,3857,2
2099,319,4
1102,500,2
1728,244,3
166,2006,4
3965,439,3
887,3990,7
1591,3329,3
1139,1683,2
2106,3313,4
1248,3336,3
3432,3476,5
3001,3024,2
3289,178,4
2670,415,4
2524,3767,5
2175,3316,4
982,900,2
2714,324,4
3012,2328,4
1140,225,3
511,3183,4
3252,264,4
1716,3826,4
838,1456,6
2961,724,5
2228,3544,5
1190,2650,4
3149,1611,3
68,3827,5
2351,1118,3
2097,1610,4
1182,3111,3
3299,3870,5
85,2567,4
1688,2813,3
871,1474,5
1681,2357,4
3698,85,5
1719,1714,2
2095,2589,2
2566,2106,2
3117,2565,4
2682,171,2
1800,1810,1
1880,3289,3
3250,1484,3
2038,205,3
3479,495,4
176,975,3
1706,488,3
3896,3003,5
3528,1180,4
3677,3758,2
3171,1883,3
1854,2449,4
414,2320,3
1184,3756,3
3651,3199,4
1003,1184,1
563,468,2
2072,3027,4
650,2288,4
133,3567,5
350,292,4
491,3716,4
1823,2129,4
1130,3263,3
3425,3233,2
1516,3472,4
2820,754,5
2298,3451,5
3048,284,4
513,2048,3
1583,2248,4
1444,3356,3
686,1948,6
2212,3225,4
3226,3610,5
175,2439,4
2221,3444,5
1579,80,3
3245,3704,5
959,299,3
2707,2242,4
2220,1820,4
1436,3098,3
925,1736,1
1243,2347,3
2622,1687,3
569,1858,3
314,1367,3
3165,1241,3
3273,3291,2
1811,25,3
1570,16,3
1148,3879,4
2692,159,4
401,238,4
1309,3112,3
1591,2773,3
2660,954,4
70,2191,4
3245,2213,4
2766,627,4
1026,1063,2
3649,1087,4
3359,1968,4
2050,3693,5
2574,1225,4
2326,1449,4
2124,1626,3
936,2237,4
2537,937,4
1591,3761,4
2194,3625,5
3684,2687,4
1375,93,3
1028,2076,3
2306,182,4
66,2915,4
3265,3999,6
172,640,4
2421,2461,2
2555,2906,4
2577,256,4
3250,1572,3
436,3782,4
1762,2945,3
2720,3989,5
566,1408,2
2017,1590,3
1283,1803,1
1449,2877,3
1138,3973,4
689,3164,5
1116,2492,4
3929,1252,4
1040,3441,4
864,2642,6
106,1628,3
1787,613,3
2812,3666,5
3626,2539,5
3640,2596,5
1178,1322,2
718,1136,5
3224,3442,5
261,636,4
3141,3960,5
3094,2436,4
209,274,2
3695,2005,5
2539,671,4
1270,1743,2
730,3323,5
1263,2962,3
3276,3386,2
3167,1318,3
3750,3172,4
3087,2783,1
129,3753,5
1385,873,5
2458,3390,4
3664,811,3
936,1753,2
3827,260,5
2762,1231,3
497,3877,3
748,372,6
1830,2631,4
3382,2113,4
3314,2633,4
160,679,4
3014,2761,2
2043,3370,4
81,2279,3
3388,2220,4
3809,3309,5
2555,792,7
1227,1034,2
582,1920,4
618,944,3
2626,173,4
377,4020,5
519,1914,4
2955,454,4
3142,204,4
535,1735,3
1988,4009,5
3,2597,4
3487,364,3
1632,2095,4
3293,3806,5
3290,2040,3
3264,3107,2
3567,1143,4
1066,2126,4
108,2227,4
1647,30,3
2452,2455,2
3180,2182,4
880,2303,6
3965,1003,4
3512,1315,4
3152,2062,4
2791,1785,3
3122,2901,2
771,3852,4
1309,300,3
1142,1120,2
1075,2851,3
1314,973,2
3815,1540,4
2872,291,4
1513,5,3
3315,2364,4
451,1263,3
2242,850,7
1697,429,3
2449,2930,4
1084,840,5
3604,134,5
3394,1639,3
407,912,3
993,1639,1
3534,1424,4
1287,3267,3
1523,2635,3
3961,3060,5
829,3764,4
1067,3465,4
1563,2845,3
2839,3511,5
307,3279,4
257,3527,5
638,1541,3
1755,1679,2
2507,3425,4
529,3860,4
2082,896,4
1769,2369,3
1776,1727,2
580,3153,3
2486,1145,4
2141,2701,4
2842,2513,4
1823,796,6
46,1357,3
3094,1527,3
726,885,3
2430,977,4
5,1096,3
1661,2921,3
3538,1269,4
3168,2202,4
812,2914,5
3843,616,4
1306,403,3
2124,2664,4
867,1857,5
1582,2227,4
1564,543,3
2374,1392,4
3144,136,4
2344,173,4
1883,3757,4
2622,803,6
1135,1954,3
243,1045,3
1003,3753,4
2290,2692,4
22,1903,3
3226,340,4
1032,2711,3
3739,3404,5
670,2131,4
1999,228,4
3479,355,4
452,2532,3
3582,2157,5
1518,152,3
2678,2818,2
2887,1689,3
3667,2077,5
922,3101,3
1293,2371,4
3446,3246,5
1031,3031,3
1351,1672,2
2011,3317,4
2311,2064,2
1418,3588,4
2128,3934,5
3382,3464,5
2670,3430,2
3635,2616,5
329,231,1
2473,1239,4
595,2081,4
1209,1966,4
2838,1817,3
4038,327,6
662,1675,3
672,2740,4
117,2794,4
1716,3434,3
2745,3613,5
2556,1709,4
1266,2491,3
1891,3824,4
2986,2036,4
3748,3911,2
2540,1064,4
3083,1982,4
1168,1558,2
2059,776,6
262,2076,4
3426,2287,4
913,2848,3
2490,217,4
2,344,2
3298,1530,3
2263,331,4
2945,2984,2
1119,3339,3
3317,1589,3
4019,3209,6
2407,1968,2
202,2002,4
1191,2832,3
2170,3859,5
125,2869,4
3028,1458,3
1574,3616,4
2367,1533,4
3117,3814,5
207,1856,3
577,300,4
1686,1307,2
1276,2950,3
1495,1968,4
3526,1411,4
2886,3592,4
1446,378,2
247,2284,3
2113,1914,2
76,2844,4
518,2497,3
3844,3175,5
704,2378,7
5,3395,4
3819,2430,5
3864,2459,5
243,3375,4
2526,2249,2
3135,2483,4
95,1836,3
1062,3862,4
3536,632,4
447,3830,4
3346,3119,2
3338,3196,2
1720,2512,3
119,1195,3
2108,709,7
199,3034,4
1360,106,3
1699,2641,4
1119,2658,4
59,2442,4
2883,1927,4
3654,3340,5
608,3356,4
469,3543,4
853,3743,4
1523,1174,2
3712,374,3
3437,2805,4
3431,3477,5
903,3167,3
3182,881,4
2114,2803,4
2830,3698,5
235,3527,5
615,3377,4
1755,3415,3
3455,3622,2
2898,2892,2
3594,236,5
1487,833,6
2675,1913,4
1217,2545,3
2736,377,4
1907,681,3
4038,3641,6
585,2676,4
1513,3647,4
2779,400,4
3240,2047,4
2458,592,4
2710,768,5
230,481,4
3066,2409,4
464,1280,3
3591,3650,2
2007,762,7
1820,82,3
651,809,5
2600,3176,4
3159,69,4
2464,3495,5
1276,1560,2
2033,1845,4
3116,3061,2
1897,2706,3
1515,389,2
3826,2017,5
1504,2598,3
2792,2786,2
472,3098,4
2941,74,4
2141,1944,1
2852,278,4
2783,326,4
3101,1419,2
263,797,7
3500,794,4
2214,2317,2
207,3099,4
2922,2873,2
1859,3192,3
492,1789,3
3339,2251,4
3572,816,4
113,423,4
81,3737,5
1153,3693,4
1559,1651,2
3997,2961,6
1593,3594,3
2786,2276,4
2685,1136,3
280,1736,3
1880,3408,3
236,2629,3
1423,3898,4
3012,1765,3
1752,873,5
2447,1628,4
Average: 3.701